Mean: 8.15977443609
SD: 1.1474220639
