Mean: 8.15836466165
SD: 1.14495278267
